Run semi-empirical minimization
 &qmmm
    qm_theory='AM1', grms_tol=0.0005,
 scfconv=1.d-10, ndiis_attempts=700,   qmcharge=0,
 /
   7     N       -0.1370      -55.6240       10.2050 
   7    N1       -1.4510      -56.6740        4.9610 
   7    N2        4.2550      -56.3290        1.1170 
   6     C       -2.5100      -57.3970        7.0600 
   6    C1       -1.7910      -56.3370        7.8920 
   6    C2       -2.3500      -56.2820        9.3170 
   6    C3       -0.2830      -56.6030        7.9380 
   6    C4       -1.5690      -55.2940       10.1840 
   6    C5        0.4310      -55.6040        8.8500 
   6    C6        0.5890      -54.7020       11.0780 
   6    C7        1.9320      -55.2500       11.4790 
   6    C8        2.9570      -54.3810       11.8550 
   6    C9        2.1530      -56.6270       11.4750 
   6   C10        4.2020      -54.8880       12.2260 
   6   C11        3.3980      -57.1350       11.8460 
   6   C12        4.4220      -56.2660       12.2210 
   6   C13       -2.6970      -56.9740        5.6100 
   6   C14       -0.5030      -57.6260        4.6210 
   6   C15       -1.0490      -55.3990        4.5970 
   6   C16        0.5990      -56.8950        3.9970 
   6   C17        0.2690      -55.5480        3.9830 
   6   C18        1.7930      -57.3580        3.4820 
   6   C19        1.1130      -54.5930        3.4530 
   6   C20        2.6650      -56.4100        2.9400 
   6   C21        2.3280      -55.0410        2.9250 
   6   C22        3.9380      -56.8410        2.3820 
   6   C23        5.4230      -56.5490        0.3440 
   6   C24        5.3340      -57.2200       -0.8760 
   6   C25        6.6590      -56.0950        0.8030 
   6   C26        6.4830      -57.4370       -1.6360 
   6   C27        7.8080      -56.3120        0.0430 
   6   C28        7.7190      -56.9830       -1.1770 
   8     O       -0.5160      -58.8330        4.7780 
   8    O1       -1.6250      -54.3340        4.7320 
   8    O2        4.6620      -57.5970        3.0480 
   1     H       -3.4910      -57.6040        7.5060 
   1    H1       -1.9560      -58.3440        7.0960 
   1    H2       -1.9550      -55.3570        7.4230 
   1    H3       -2.3090      -57.2790        9.7760 
   1    H4       -3.4060      -55.9870        9.2940 
   1    H5       -0.0880      -57.6250        8.2890 
   1    H6        0.1630      -56.5120        6.9410 
   1    H7       -1.7280      -54.2720        9.8160 
   1    H8       -1.9780      -55.3420       11.2010 
   1    H9        1.4850      -55.8980        8.8590 
   1   H10        0.3720      -54.5990        8.4120 
   1   H11        0.0240      -54.5310       12.0060 
   1   H12        0.6970      -53.7050       10.6280 
   1   H13        2.7970      -53.3060       11.8650 
   1   H14        1.3720      -57.3180       11.1680 
   1   H15        4.9990      -54.2120       12.5190 
   1   H16        3.5710      -58.2070       11.8380 
   1   H17        5.3920      -56.6610       12.5100 
   1   H18       -3.3130      -56.0730        5.5420 
   1   H19       -3.1950      -57.7750        5.0520 
   1   H20        2.0220      -58.4150        3.5500 
   1   H21        0.8550      -53.5420        3.4400 
   1   H22        3.0070      -54.3080        2.4970 
   1   H23        3.6070      -55.6780        0.6830 
   1   H24        4.4160      -57.6000       -1.2970 
   1   H25        6.7410      -55.5710        1.7520 
   1   H26        6.4170      -57.9590       -2.5860 
   1   H27        8.7700      -55.9590        0.4000 
   1   H28        8.6150      -57.1520       -1.7690 

